172
2 482 326
2 300 165
2 47 33
2 12 454
2 421 330
2 322 315
2 306 299
2 279 256
2 21 14
2 1 492
2 414 358
2 352 334
2 212 189
2 154 86
2 17 7
2 495 484
2 462 443
2 410 337
2 319 301
2 266 213
2 182 170
2 158 156
2 141 120
2 73 72
2 64 11
2 486 475
2 463 452
2 451 448
2 434 376
2 371 350
2 329 310
2 298 264
2 261 234
2 221 210
2 166 155
2 113 111
2 108 52
2 48 38
2 0 499
2 498 473
2 455 445
2 439 433
2 430 419
2 409 405
2 396 387
2 385 367
2 360 356
2 324 320
2 311 292
2 288 277
2 273 271
2 258 249
2 240 236
2 231 219
2 208 199
2 193 187
2 181 175
2 147 61
2 60 34
2 20 19
2 15 5
2 497 474
2 472 467
2 459 449
2 447 444
3 442 438 437
3 431 429 427
3 424 422 412
3 407 403 400
3 399 397 394
3 392 391 388
3 384 375 364
3 362 353 351
3 348 345 336
3 328 302 294
3 283 278 276
3 268 263 242
3 235 230 225
3 218 214 203
3 201 192 188
3 180 177 163
3 162 159 149
3 139 123 121
3 117 105 99
3 91 90 89
3 71 65 55
3 31 24 23
3 18 13 10
3 8 6 3
3 494 490 468
3 461 460 453
3 450 446 432
3 425 411 401
3 395 390 379
3 378 377 373
3 372 365 363
3 361 359 347
3 341 339 332
3 325 307 304
3 295 289 285
3 284 282 280
3 274 269 267
3 259 254 251
3 247 245 244
3 237 233 226
3 217 207 204
3 200 198 195
3 186 185 174
3 172 164 160
3 153 152 151
3 148 144 138
3 136 132 129
3 128 124 119
3 116 115 114
3 112 109 107
3 106 104 101
3 100 95 92
3 81 80 79
3 78 76 70
3 69 66 59
3 56 54 50
3 46 45 44
3 41 40 36
3 32 29 27
3 26 25 22
4 16 441 423 420
4 369 333 286 252
4 197 196 190 97
4 93 35 28 496
4 493 491 489 488
4 487 485 483 481
4 480 479 478 477
4 476 471 470 469
4 466 465 464 458
4 457 456 440 436
4 435 428 426 418
4 417 416 415 413
4 408 406 404 402
4 398 393 389 386
4 383 382 381 380
4 374 370 368 366
4 357 355 354 349
4 346 344 343 342
4 340 338 335 331
4 327 323 321 318
4 317 316 314 313
4 312 309 308 305
4 303 297 296 293
4 291 290 287 281
4 275 272 270 265
4 262 260 257 255
4 253 250 248 246
4 243 241 239 238
4 232 229 228 227
4 224 223 222 220
4 216 215 211 209
4 206 205 202 194
4 191 184 183 179
4 178 176 173 171
4 169 168 167 161
4 157 150 146 145
4 143 142 140 137
4 135 134 133 131
4 130 127 126 125
4 122 118 110 103
4 102 98 96 94
4 88 87 85 84
4 83 82 77 75
4 74 68 67 63
4 62 58 57 53
4 51 49 43 42
4 39 37 30 9
