1628
4 9491 9225 9179 9152
4 8886 8502 8409 8298
4 8068 7878 7642 7640
4 7544 7216 7163 6897
4 6541 6425 6301 5725
4 5514 5192 4948 4392
4 4337 3893 3541 3353
4 3186 3178 2564 2227
4 2179 865 728 643
4 356 287 9863 9710
4 9647 9406 9367 9100
4 8870 8645 8534 7795
4 7546 7298 7229 7019
4 6904 6513 6387 6213
4 5718 5663 5578 5550
4 5329 5254 5206 5182
4 5060 4789 4714 4468
4 4355 4226 3753 3006
4 2805 2418 2288 1971
4 1958 1841 1652 1574
4 1277 1227 862 819
4 616 108 9885 9870
4 9617 9553 9329 9232
4 9172 8941 8740 8310
4 8141 7948 7087 6814
4 6796 6629 6087 5952
4 5848 5825 5741 5658
4 5612 5534 5424 4634
4 4598 4508 4143 3798
4 3536 3438 3425 2841
4 2563 2239 2163 1809
4 1495 867 784 733
4 425 186 5121 9590
4 9582 9570 9423 9158
4 8564 7556 7349 7091
4 6620 6484 5958 5771
4 5611 5573 5510 4791
4 4693 3812 3712 3209
4 3208 2689 2577 2435
4 2344 2318 2201 1700
4 1661 1615 1563 1479
4 1376 800 769 378
4 348 347 226 9876
4 9862 9555 9346 9314
4 8771 8321 8309 8103
4 7799 7441 7434 7365
4 7333 6748 6253 6125
4 4986 4906 4726 4518
4 4403 4290 3917 2152
4 1685 1403 1099 789
4 719 383 189 128
4 9954 9819 9205 8493
4 8347 8086 8064 7946
4 7835 7758 7580 7541
4 7459 7140 7060 6917
4 6701 6692 5409 5316
4 5294 5183 4939 4709
4 4211 3213 2586 2470
4 2451 2012 1949 1909
4 1788 1494 1235 1196
4 1131 958 633 441
4 415 349 9737 9323
4 8960 8686 8379 8282
4 8080 6457 6456 6279
4 5379 5343 5148 4996
4 3949 3860 3859 3784
4 3327 2878 2550 2382
4 2356 1993 1868 1799
4 1679 1284 1230 1188
4 1180 1119 863 831
4 703 361 291 203
4 9999 9372 8875 8726
4 8412 8406 7965 7807
4 7669 7507 7479 6843
4 5779 5694 5410 4621
4 3821 3247 2498 2483
4 2384 2035 1818 1732
4 1611 1335 1323 1105
4 935 782 693 509
4 405 388 280 4
4 9807 9663 9102 8985
4 8970 8955 8784 8410
4 7753 7307 7251 6407
4 6233 6085 5833 5699
4 5051 4950 4734 4675
4 4664 4633 4632 4344
4 4330 4254 3787 3394
4 2789 2579 2378 2324
4 1135 1133 1111 1074
4 1046 922 268 258
4 227 200 9742 9724
4 9701 9636 9604 8791
4 8523 8461 7791 7667
4 6983 6635 6500 5977
4 5844 5356 4979 4461
4 4107 3922 3639 3389
4 3386 3292 2942 2541
4 2405 2386 2373 2311
4 2086 1987 1553 1029
4 983 811 662 376
4 318 9925 9897 9831
4 9827 9518 9472 9402
4 9288 9064 9058 9049
4 8973 8943 8769 8705
4 8627 8427 8385 8315
4 8184 7765 7762 7701
4 7630 7609 7538 7411
4 7242 7084 7070 7027
4 6877 6732 6667 6608
4 6322 6207 6204 6092
4 6091 6071 6013 5930
4 5871 5704 5695 5348
4 5344 5143 4927 4869
4 4745 4673 4597 4499
4 4348 4338 4303 4201
4 4068 3779 3713 3709
4 3462 3359 3236 3200
4 3190 3160 2984 2973
4 2965 2938 2851 2815
4 2714 2670 2667 2458
4 2276 2130 2090 2078
4 2040 2037 1926 1913
4 1721 1365 1255 1067
4 1048 994 897 841
4 747 718 702 518
4 339 276 9717 9644
4 9632 9557 9533 9186
4 9162 9148 8731 8602
4 8491 8374 8164 7399
4 7322 7092 6434 6371
4 6158 5327 5177 5005
4 4425 4371 3827 3385
4 3199 2715 2676 2508
4 2410 2030 794 741
4 491 342 173 9773
4 9342 8872 8725 8136
4 7992 7820 7706 7627
4 7340 6647 6420 6254
4 6242 5885 5413 5266
4 5187 4810 4369 4273
4 4220 3866 3819 3756
4 3008 2883 2825 1992
4 1918 1534 872 621
4 409 9977 9609 9282
4 8857 7832 7712 7636
4 7228 7069 6678 5957
4 5643 5399 5210 5073
4 4978 4651 4435 4323
4 3935 3799 3794 3267
4 3225 2934 2747 1969
4 1897 1705 1554 1439
4 1415 1329 1206 1063
4 1045 984 917 821
4 195 148 69 8148
4 9963 9362 9327 9159
4 8879 8758 8728 8613
4 7938 7736 7547 7408
4 7393 7276 7264 7243
4 7165 7093 7033 6499
4 6480 6234 6174 5979
4 5883 5853 5840 5470
4 5361 5265 5167 5045
4 4807 4535 4356 4260
4 4237 4214 4103 4032
4 3620 3474 3466 3227
4 3144 3058 2884 2873
4 2803 2503 2427 2172
4 2166 1731 1610 901
4 652 605 508 483
4 437 435 312 9822
4 9787 9775 9070 9011
4 8780 8778 8770 8570
4 8535 8507 8395 8142
4 7915 7793 7588 7416
4 7172 7097 6901 6841
4 6675 6654 6077 5745
4 5508 5350 5340 4860
4 4822 4758 4372 4224
4 3636 2996 2500 2425
4 2330 1654 1305 987
4 194 179 9749 9415
4 9380 8877 8786 8311
4 8144 8117 7789 7639
4 7427 7059 6853 6187
4 4972 4891 4890 4732
4 4577 3984 3879 3530
4 3476 3082 2769 2556
4 2206 2170 1142 596
4 303 209 192 184
4 118 111 9931 9571
4 9421 9264 9218 8975
4 8961 8417 8405 8361
4 8224 8114 8038 7942
4 7883 7856 7578 7561
4 7098 7086 6141 6128
4 5557 5279 5107 5067
4 4376 4285 4175 3777
4 3189 3044 2520 1831
4 1728 1614 729 482
4 478 9556 9436 8272
4 8244 8135 8061 7741
4 7590 7075 6902 6614
4 6411 6308 6156 5993
4 5983 5906 5747 5696
4 4952 4724 4523 3727
4 3717 3716 3493 2974
4 2812 2808 2771 2512
4 2485 1972 1695 1517
4 1485 908 274 230
4 121 9793 9031 8530
4 8462 8075 8009 8002
4 7847 7606 7483 7187
4 7077 7045 6937 6833
4 6720 6682 6559 6177
4 5504 5483 4899 4699
4 4470 4232 3685 2098
4 2039 1625 1496 1350
4 781 156 9736 9126
4 8880 8797 8698 8561
4 8542 8500 8220 8110
4 8045 8011 7864 7730
4 7017 6607 6545 6429
4 6428 6265 5870 5727
4 5617 5533 5304 5213
4 4845 4333 4098 4063
4 3635 2827 2602 2532
4 2272 2271 2110 1937
4 1749 1283 1226 1177
4 833 574 507 424
4 311 256 61 9997
4 9809 9758 9731 9541
4 9510 9452 9442 9422
4 9310 9279 9191 9109
4 8949 8843 8706 8622
4 8515 8301 8243 7837
4 7816 7784 7754 7722
4 7304 6802 6793 6758
4 6588 6422 6386 6194
4 6067 6061 5976 5735
4 5673 5654 5571 5565
4 5390 5374 5354 5230
4 5109 4905 4799 4654
4 4590 4471 4454 4364
4 4304 4166 4125 3979
4 3921 3711 3701 3627
4 3589 3556 3404 3388
4 3151 3093 2923 2869
4 2865 2844 2780 2679
4 2644 2491 2445 2302
4 2069 1855 1785 1730
4 1458 1456 1325 1314
4 1144 1089 1019 981
4 971 125 36 9686
4 9498 9457 9357 9301
4 8868 8635 8556 8494
4 8159 7550 7533 7404
4 7337 7248 7068 6971
4 6026 5938 5783 5382
4 5377 5262 5260 5158
4 5023 4980 4966 4913
4 4876 4588 4440 4427
4 4297 3690 3307 3108
4 3059 3053 3023 2657
4 2447 2298 2231 1984
4 1917 1804 1753 1696
4 1634 1513 1501 1326
4 1171 1006 866 795
4 682 428 81 9932
4 9910 9521 9296 9007
4 8924 8850 8473 8441
4 8190 7929 7833 7830
4 7711 7682 7367 7292
4 7139 7138 7030 7022
4 6998 6551 6539 6293
4 6075 5907 5754 5480
4 5008 4305 4262 3993
4 3469 3268 2252 1789
4 1703 1622 1166 959
4 903 803 538 406
4 6404 9823 8968 8592
4 8555 7584 7514 7453
4 7067 6617 6412 6257
4 6237 6098 6021 5910
4 5632 5585 5472 4770
4 4591 3846 3534 3361
4 3266 3205 2900 2673
4 2583 2393 2357 2310
4 1932 1762 1307 1275
4 182 421 9698 9577
4 9548 9044 9042 7688
4 7523 7281 7129 7102
4 6859 6848 6799 6533
4 6519 6393 5926 5900
4 5693 5281 5010 4923
4 4893 4851 4843 4830
4 4793 4453 4283 4060
4 4048 4019 3963 3854
4 3705 3416 3286 3154
4 2645 2138 1824 1191
4 1149 668 658 603
4 2589 5913 9914 9861
4 9411 9311 9297 9189
4 8541 8085 8001 7985
4 7658 7574 7071 7000
4 6961 6643 6454 6222
4 6040 5640 5430 5100
4 4911 4571 4236 3994
4 3810 3803 3611 3591
4 3382 3169 2961 2928
4 2899 2664 2546 2385
4 2026 1878 1770 1612
4 1190 921 698 452
4 341 275 224 25
4 9972 9554 9270 9229
4 9204 9146 9101 9059
4 8554 8334 8231 8000
4 7890 7852 7782 6923
4 6862 6592 6509 6334
4 6290 6195 6185 6119
4 6031 5838 5828 5809
4 5538 4691 4009 3990
4 3719 3696 3619 3523
4 3454 2709 2662 2656
4 2280 2153 1775 1302
4 972 886 746 659
4 582 526 468 319
4 238 54 27 6255
4 5583 9933 9825 9720
4 9024 8118 8109 8034
4 7504 7488 7261 7011
4 6850 6772 6516 6491
4 6391 6283 6199 5635
4 5549 5386 4821 4525
4 4209 3754 3413 3156
4 2980 2525 2038 1873
4 1777 1667 1316 1134
4 999 412 180 9906
4 8785 3629 9400 9336
4 9150 8757 8546 8508
4 8344 8318 8098 7222
4 6792 6163 5949 5859
4 5778 5697 5257 5227
4 5014 4987 4705 4581
4 4556 4520 4252 4174
4 4132 4034 3843 3645
4 3383 2758 2154 2010
4 1880 1725 1308 1237
4 1087 573 422 379
4 9929 9833 9638 9321
4 9164 8511 7921 7882
4 7822 7183 7042 7005
4 6631 5820 5619 5539
4 5527 5466 5406 5342
4 5153 5108 5049 5029
4 4976 4438 4062 3788
4 3643 3628 3546 3340
4 3201 2858 2733 2706
4 2431 1964 1915 1664
4 1401 1374 1290 986
4 911 583 533 360
4 154 6584 9560 9055
4 8862 8796 8420 7986
4 7783 7607 7573 7142
4 6686 6549 6485 6260
4 5912 5774 5682 5681
4 5338 5287 5280 5229
4 4973 4929 4832 4681
4 4483 4450 4426 4251
4 3992 3816 3752 3464
4 3301 3275 3088 3035
4 2807 2553 2279 2192
4 2083 1497 1148 1147
4 883 630 575 302
4 93 9940 9783 9509
4 9396 9053 8905 8892
4 8887 8782 8693 8483
4 8467 8279 8048 7456
4 7328 7317 7244 7053
4 6970 6872 6820 6241
4 6004 5984 5893 5650
4 5405 5050 5033 4941
4 4897 4872 4606 4396
4 4350 4342 4253 4199
4 4181 4152 4081 4051
4 4024 4015 3960 3957
4 3826 3699 3490 3430
4 3319 3148 3056 3032
4 2753 2735 2637 2366
4 2145 1844 1769 1455
4 1434 1428 1379 1169
4 1017 779 625 506
4 495 344 259 9816
4 9712 9451 9319 9239
4 9171 8860 8816 8380
4 8304 8012 6776 6694
4 6554 6511 6508 6039
4 5700 5498 5162 5113
4 4769 4762 4752 4622
4 4517 4388 4231 4165
4 3662 3616 3602 3455
4 3329 3259 2988 2886
4 2770 2377 2202 2186
4 1954 1766 1551 1436
4 1399 1265 1065 823
4 537 322 9715 9608
4 9586 9399 9370 9281
4 9176 9097 9057 8992
4 8957 8761 8695 8545
4 8439 8275 8232 8203
4 7848 7844 7829 7717
4 7661 7652 7481 7217
4 7167 6079 6074 5819
4 5814 5766 5535 5444
4 4667 4379 4263 3796
4 3191 3074 2895 2603
4 2121 2104 1613 1540
4 1424 1298 1238 1002
4 888 546 493 273
4 7710 1737 9869 9812
4 9664 9592 9284 9248
4 9245 8988 8984 8747
4 8455 7467 7266 7099
4 6821 6704 6690 6606
4 6570 6493 6319 5453
4 5448 5333 5099 4954
4 4928 4754 4545 4505
4 3623 3586 3399 2963
4 2889 2823 2439 2423
4 2380 1920 1444 1162
4 938 814 3987 7529
4 5231 9500 9474 9386
4 9107 9060 8685 8604
4 8599 8359 7716 7668
4 7564 7342 7321 7179
4 6714 6618 6390 6343
4 6337 6212 6109 6054
4 6007 6000 5512 5141
4 4806 4641 4594 4457
4 4354 3804 3759 3671
4 3343 3256 2691 2128
4 2051 1854 1583 1558
4 1462 1405 1187 826
4 734 660 626 598
4 394 9981 9851 9536
4 9322 9050 8972 8951
4 8768 8474 8104 7270
4 6939 6788 6400 6284
4 6088 5915 5890 5811
4 5463 5299 5225 5120
4 4813 4666 4602 4464
4 4157 4050 3338 3220
4 3133 3057 3049 3041
4 2906 2839 2157 1581
4 1559 1198 697 677
4 161 9890 9634 9434
4 9375 9345 9298 9051
4 9041 9020 8713 8624
4 8540 8415 8251 8228
4 7872 7626 7431 7279
4 7239 7061 7015 6797
4 6753 6474 6142 6065
4 5921 5742 5273 5238
4 5188 5133 4956 4269
4 4059 3916 3503 3492
4 3348 3027 2797 2597
4 2537 2522 1882 1808
4 1521 1478 269 4386
4 2094 9487 5796 9821
4 9145 9010 8855 8794
4 8628 8610 8429 8214
4 8147 7919 7745 7381
4 6868 6804 6730 6650
4 6441 6435 6143 5782
4 5419 5032 4739 4444
4 4184 3695 3467 3321
4 3110 2551 2504 2502
4 2424 2415 1575 1082
4 1020 695 686 72
4 51 38 6735 8197
4 9682 9479 9312 9259
4 9240 9193 8819 8560
4 8559 8155 8128 7989
4 7660 6921 6751 6743
4 6562 6339 6055 6018
4 6006 5973 5807 4768
4 4247 4002 3813 3585
4 3495 3391 3242 3217
4 3210 3173 2890 2692
4 2436 2420 2200 2161
4 2116 1942 1658 1597
4 1580 1466 1412 1333
4 1059 965 881 871
4 837 1756 8754 2584
4 998 9706 9648 9623
4 9473 9175 8933 8881
4 8742 8463 8446 8419
4 8381 7900 7855 7772
4 7766 7732 7656 7433
4 7343 7334 7306 7058
4 6924 6905 6832 6402
4 5851 5816 5740 5469
4 5274 5150 5038 4819
4 4802 4701 4327 3502
4 3444 3373 3222 2821
4 2773 2740 2695 2543
4 2066 1635 1594 1541
4 1413 895 786 323
4 255 9478 9032 8836
4 8605 8596 8331 8248
4 8065 7988 7982 7623
4 7047 6354 6288 6230
4 6136 5607 5117 4737
4 4672 4616 4018 3785
4 3669 3577 3325 3030
4 2147 1802 1579 1547
4 1518 1297 672 653
4 638 523 338 181
4 41 9980 9979 9949
4 9916 9878 9808 9666
4 9640 9480 9455 9412
4 9351 9147 9112 9040
4 9012 8953 8764 8428
4 8255 8188 8157 8041
4 8024 7503 7477 7455
4 7378 7376 7358 7160
4 7107 6916 6909 6597
4 6523 6200 6066 5826
4 5560 5555 5486 5447
4 5092 4999 4864 4760
4 4755 4349 4180 4159
4 4086 4039 3970 3908
4 3868 3829 3815 3642
4 3459 3393 3287 3245
4 3215 3152 3116 3100
4 3094 2845 2767 2760
4 1901 1772 1676 1617
4 1448 1408 1310 1241
4 1185 1033 989 724
4 223 167 2395 6655
4 9990 9837 9506 9233
4 9190 8646 8615 8073
4 8039 7916 7827 7781
4 7654 7332 7258 7245
4 7211 7052 6919 6773
4 6749 6401 5678 5614
4 5596 5147 5055 4846
4 4373 3707 3419 3195
4 3117 2936 2866 2635
4 2611 2510 2168 2108
4 1973 1902 1846 1077
4 1000 768 759 450
4 175 130 12 6312
4 2861 59 7923 7569
4 9881 9098 8053 7857
4 7527 7268 7007 6845
4 6621 6619 6416 6392
4 6269 6216 5889 5877
4 5286 5241 5169 5018
4 4896 4829 4797 4718
4 4648 4177 4153 4148
4 4077 4040 3928 3863
4 3663 3240 3091 3070
4 2993 2831 2782 2725
4 2587 2452 2325 2314
4 2218 1168 988 961
4 627 308 169 7704
4 5515 9612 7444 6632
4 9854 9832 9815 9685
4 9255 9212 9023 8533
4 8396 8365 8356 7871
4 7808 7638 7492 7272
4 7081 7066 7040 6999
4 6948 6737 6708 6579
4 6542 6468 6166 6162
4 6154 6101 5259 5072
4 4885 4715 4710 4205
4 4160 4020 4014 3790
4 3700 3600 3086 2745
4 2517 2372 2175 1947
4 1693 1407 1306 1060
4 974 940 776 600
4 531 449 411 271
4 2 8873 7262 9964
4 9188 9120 9046 9027
4 8927 8662 8499 8257
3 8008 7405 7372
3 7131 6754 6186
3 5788 5698 5601
3 5569 5252 4609
3 4393 3479 3426
3 3409 3335 3150
3 3080 2948 2757
3 2526 2511 2049
3 1499 1278 1079
3 1075 805 517
3 515 326 315
3 215 106 9865
3 9814 9601 9438
3 8998 8890 8717
3 8703 8681 8303
3 7531 7394 7299
3 7246 7125 7111
3 7109 6969 6967
3 6947 6912 6763
3 6382 6344 6278
3 6179 6081 5978
3 5965 5757 5589
3 5428 5351 5272
3 5068 5030 4971
3 4575 4486 4258
3 3670 3488 3477
3 3279 3254 2882
3 2562 2142 2082
3 2013 1944 1857
3 1317 1207 1139
3 1095 466 8452
3 7796 2489 5905
3 9694 9673 9669
3 9646 9495 9484
3 9330 9226 9139
3 9081 9000 8891
3 8826 8805 8749
3 8312 8211 8131
3 7973 7719 7311
3 6968 6615 6358
3 6341 6082 5887
3 5884 5439 5376
3 5282 4938 4384
3 3898 3522 3497
3 3333 3138 3073
3 2959 2552 2518
3 2370 1395 1158
3 939 448 314
3 309 191 398
3 8407 9884 9693
3 9324 8944 8173
3 8154 8052 7949
3 7513 7072 7055
3 6876 6854 6808
3 6787 6745 6591
3 6453 6153 5786
3 5297 5080 4794
3 4676 4027 3637
3 3346 3202 3193
3 3165 3090 3084
3 3025 2916 2908
3 2847 2842 2681
3 2569 2426 1941
3 1929 1924 1813
3 1588 1358 1273
3 1216 997 542
3 1729 820 6459
3 604 9004 9774
3 9448 9410 9099
3 9021 8744 8661
3 8600 8581 8549
3 8373 7528 7465
3 7327 7159 6830
3 6330 6024 5516
3 5215 4780 4614
3 4513 4287 4218
3 3450 3405 3118
3 2921 2607 2363
3 2122 2029 1706
3 1619 1525 1511
3 1477 1437 1258
3 1252 1153 1113
3 1102 799 641
3 571 485 298
3 202 77 1248
3 7549 7064 4848
3 9991 9886 9829
3 9505 9447 9360
3 8820 8569 8209
3 7958 7802 7655
3 7458 7392 7184
3 7154 6933 6633
3 6556 6470 6375
3 6209 6201 6094
3 5985 5837 5790
3 5717 5581 5576
3 5437 5417 5328
3 4741 4660 4625
3 4507 4445 4389
3 3977 3961 3487
3 3415 3350 3211
3 3164 3102 3095
3 2966 2931 2834
3 2653 2622 2492
3 2211 2126 1881
3 1838 1690 1470
3 1182 1107 1097
3 964 910 870
3 806 798 720
3 690 521 498
3 272 228 8603
3 5886 8733 8189
3 9529 9354 8437
3 9800 9696 9625
3 9610 9465 9217
3 9087 9006 8265
3 8221 8087 7987
3 7977 7845 7585
3 7484 7174 7171
3 7156 7120 6871
3 6447 6445 6314
3 6108 6069 5968
3 5924 5595 5509
3 5493 5365 4443
3 4421 4377 4334
3 4272 3680 3472
3 3417 3395 3341
3 3157 3064 2663
3 2636 2540 2505
3 1989 1911 1465
3 1460 1348 1254
3 829 764 577
3 549 486 481
3 418 306 9992
3 9967 9947 9817
3 9796 9782 9708
3 9537 9477 9445
3 9395 9334 9317
3 9132 9113 8974
3 8678 8649 8587
3 8574 8481 8445
3 8416 8300 8271
3 8226 8217 7738
3 7575 7396 7379
3 7203 7029 6855
3 6658 6461 6369
3 6303 6295 6251
3 6217 6190 6182
3 6086 6048 5971
3 5937 5878 5818
3 5684 5597 5403
3 5394 5069 4812
3 4759 4749 4686
3 4680 4580 4418
3 4310 4145 4130
3 4111 3876 3755
3 3751 3732 3572
3 3525 3435 3198
3 2871 2832 2778
3 2721 2640 2286
3 2132 1950 1940
3 1938 1893 1776
3 1757 1752 1748
3 1662 1457 1343
3 1274 1236 1123
3 1108 1104 1025
3 927 713 680
3 569 528 524
3 470 368 266
3 135 116 52
3 9213 6839 4449
3 1524 4318 5744
3 4574 9483 4100
3 9905 9811 9794
3 9788 9547 9371
3 9084 8812 8763
3 8631 8595 8532
3 8503 7858 7840
3 7797 7364 7260
3 7162 6945 6881
3 6880 6634 6622
3 6009 5929 5892
3 5722 5479 5473
3 5364 5347 5275
3 5263 4828 4733
3 4466 4441 4422
3 4365 4271 3852
3 3644 3549 3529
3 3453 3434 3414
3 3158 3109 2933
3 2909 2700 2633
3 2433 2352 1864
3 1862 1832 1764
3 1555 1211 1039
3 607 544 299
3 114 112 6823
3 4233 3904 8479
3 7108 3626 5416
3 9620 9943 9934
3 9369 9316 9117
3 9030 8969 8676
3 8219 8170 8062
3 7887 7749 7651
3 7511 7360 7257
3 6930 6644 6535
3 6167 5964 5961
3 5928 5925 5792
3 5691 5568 5495
3 5423 5322 5088
3 4937 4738 4721
3 4712 4417 4122
3 3871 3823 3486
3 3296 3194 3051
3 3019 2955 2897
3 2756 2665 2658
3 2515 2365 2359
3 2229 1850 1829
3 1599 1289 1195
3 1066 880 815
3 763 671 566
3 536 88 1287
3 6476 2545 9383
3 9839 9772 9662
3 9469 9393 9082
3 8893 8883 8655
3 8557 8513 8495
3 8345 8278 8077
3 7637 7628 7474
3 7192 7001 6395
3 6285 6282 6224
3 6151 6033 5862
3 5680 5404 5222
3 5176 5009 4584
3 4416 4158 3780
3 3633 3440 3427
3 3363 3310 3243
3 3016 2978 2863
3 2348 2285 2176
3 2052 1890 1811
3 1647 1631 1585
3 1557 1447 1355
3 1320 1183 1016
3 822 777 423
3 391 329 260
3 4004 3697 1396
3 9131 5427 4041
3 9804 9224 9155
3 9074 8882 8832
3 8748 8594 8469
3 8174 7842 7735
3 7690 7493 7401
3 7398 7383 7283
3 6986 6783 6183
3 6049 5969 5888
3 5734 5591 5384
3 5321 5298 5095
3 5003 4642 4309
3 4028 4025 3968
3 3897 3847 3797
3 3772 3734 3360
3 3251 3218 3187
3 3177 3018 2659
3 2651 2238 1582
3 1474 904 2061
3 973 370 3015
3 847 9247 4863
3 4644 2155 7792
3 6668 4631 3135
3 2222 1492 9733
3 9723 9628 9470
3 8831 8762 8739
3 8730 8660 8443
3 7897 7773 7611
3 7417 7345 7063
3 6815 6593 6496
3 6458 6438 6321
3 6305 5963 5940
3 5767 5674 5624
3 5543 5537 5296
3 5070 5063 4985
3 4962 4763 4740
3 4728 4610 4533
3 4512 4494 4191
3 4108 3901 3625
3 3494 3471 3328
3 3255 2703 2693
3 2614 2594 2301
3 2224 2100 2075
3 1999 1686 1550
3 1186 1145 812
3 646 609 587
3 380 91 9618
3 7168 5363 2752
3 5570 2843 2687
3 44 453 9764
3 9347 9291 9208
3 8928 8475 8230
3 8156 7854 7646
3 7377 7347 7241
3 7025 6866 6860
3 6767 6543 6518
3 5709 5690 5689
3 5542 5105 5057
3 5015 4547 4360
3 4300 4229 4198
3 4006 3988 3722
3 3667 2997 2660
3 2561 2140 2107
3 1970 1859 1608
3 1454 1435 1346
3 1337 1295 1176
3 1035 928 700
3 650 567 555
3 8284 2117 7100
3 1561 8775 3505
3 461 9765 4036
3 3295 1423 8287
3 2932 8854 8004
3 6640 1385 3273
3 9883 9735 9641
3 9589 9303 9254
3 9178 9037 8867
3 8772 8424 8400
3 7894 7843 7476
3 7421 7185 6885
3 6875 6709 6652
3 6512 6427 6378
3 6272 6239 6150
3 5822 5677 5639
3 5603 5528 5309
3 5027 4895 4757
3 4423 4414 4109
3 4082 3936 3446
3 3400 3111 3026
3 2919 2885 2743
3 2734 2696 2476
3 2332 2299 2253
3 2088 2054 1852
3 1727 1578 670
3 572 510 374
3 220 158 74
3 8591 5616 3715
3 2345 5918 2096
3 9813 6639 3420
3 674 9960 9904
3 9645 9387 9258
3 9236 9045 8913
3 8458 8389 8368
3 8302 8227 8185
3 8100 8090 7670
3 7486 7339 6858
3 6840 6718 6661
3 6114 6073 5943
3 5685 5588 5388
3 5311 5267 5160
3 4868 4684 4583
3 4413 4239 4227
3 4195 4133 4080
3 4012 3763 3762
3 3693 3447 3331
3 3079 3048 2181
3 2018 1995 1745
3 1691 1473 1391
3 1303 1091 570
3 527 492 267
3 196 165 64
3 8 7936 5090
3 1556 5251 4695
3 2935 2331 666
3 6762 3825 2598
3 9959 1677 6756
3 4147 1114 1081
3 5001 5592 8689
3 8384 9950 9622
3 9339 9318 9237
3 9076 8945 8735
3 8319 8291 8254
3 8246 8223 8171
3 8158 8113 7932
3 7801 7571 7350
3 7112 7106 6940
3 6750 6536 6403
3 6274 5936 5798
3 5760 5726 5604
3 5545 5135 5123
3 5021 4645 4519
3 4313 4013 3890
3 3658 3624 3588
3 3349 3290 3179
3 3119 3054 2910
3 2620 2349 2306
3 2248 2204 2042
3 1872 1567 1530
3 1443 1345 1285
3 1243 1217 1068
3 1064 1022 427
3 216 8119 9818
3 7525 6196 1388
3 5989 864 6613
3 4106 948 683
3 9888 5526 3942
3 8911 8320 9128
3 5211 5083 4473
3 4194 9973 9969
3 9903 9786 9616
3 9591 9409 9309
3 9278 8979 8936
3 8906 8620 8536
3 8451 8366 7438
3 7031 7020 6918
3 6806 6707 6670
3 6527 6281 5755
3 5749 5642 5636
3 5554 5464 5395
3 5317 5293 4967
3 4944 4930 4764
3 4761 4243 4128
3 4065 3801 3684
3 3423 3270 3046
3 2801 2790 2720
3 2698 2680 2230
3 2044 1885 1858
3 1805 1803 1515
3 1410 1223 1076
3 957 943 788
3 761 696 632
3 591 519 337
3 248 9939 9898
3 9740 9704 9290
3 9228 9127 8959
3 8765 8666 8512
3 8121 8054 8029
3 7933 7811 7705
3 7597 7450 7348
3 7323 7182 7113
3 7035 6991 6878
3 6710 6503 6360
3 6236 6103 6043
3 5999 5857 5634
3 5618 5552 5440
3 5228 5221 5202
3 4998 4968 4743
3 4593 4589 4576
3 4541 4536 4114
3 4084 4008 3931
3 3742 3682 3603
3 3571 3535 3533
3 3387 3384 3377
3 3197 3081 2945
3 2638 2581 2519
3 2507 2455 2017
3 1828 1795 1792
3 1641 1493 1468
3 1463 1247 1245
3 1112 743 563
3 440 429 99
3 3149 8585 7369
3 5052 8777 7515
3 2819 2459 936
3 7819 4670 2968
3 132 7577 3484
3 2246 962 8814
3 8240 7863 876
3 7939 2723 7368
3 9970 9955 9700
3 9661 9427 9266
3 9136 8813 8760
3 8521 8497 8213
3 7771 7535 7429
3 7335 7293 7224
3 7002 6996 6950
3 6829 6817 6374
3 6277 5960 5789
3 5701 5668 5661
3 5499 5491 5458
3 5331 5247 5127
3 5079 4781 4697
3 4500 4409 4266
3 4257 4120 4053
3 3907 3837 3768
3 3612 3500 3314
3 3039 2876 2568
3 1982 1663 1054
3 993 942 736
3 629 242 222
3 8837 752 9256
3 8991 3457 8392
3 110 7950 7290
3 7208 3176 7101
3 2728 2196 371
3 8636 684 9267
3 8641 4808 2212
3 281 5791 6240
3 2499 63 9975
3 9951 9902 9798
3 9681 9384 9379
3 9348 9331 9257
3 9017 8827 8528
3 8505 8323 8237
3 7901 7873 7679
3 7657 7570 7389
3 7235 7200 7089
3 6825 6765 6683
3 6660 6105 5995
3 5876 5456 5436
3 5220 5179 4920
3 4834 4658 4317
3 4234 4123 4042
3 4022 3915 3326
3 2888 2829 2717
3 2688 2580 2473
3 2379 2269 1931
3 1741 1645 1506
3 1438 1324 1319
3 1218 1151 1109
3 1018 950 920
3 856 162 140
3 138 9614 5602
3 7259 4090 3656
3 2475 714 9019
3 2064 1101 9894
3 5651 4916 7834
3 3678 1013 1491
3 839 7945 5048
3 3765 3024 2548
3 6170 7198 9842
3 9462 9444 9206
3 9138 8963 8838
3 8817 8807 8647
3 8522 8436 8422
3 8195 7886 7853
3 7625 7122 7062
3 6982 6734 6684
3 6460 6406 6057
3 6019 5675 5521
3 5485 5454 5407
3 5360 5218 5201
3 5137 5036 4919
3 4795 4618 4458
2 4280 4216
2 3714 3358
2 3219 3068
2 2967 2860
2 2557 2523
2 2347 2291
2 2097 1628
2 1576 1539
2 1490 1338
2 1225 1219
2 1141 1055
2 809 637
2 475 352
2 294 284
2 235 4961
2 4405 9965
2 5945 1115
2 1071 1004
2 7937 4685
2 3302 2124
2 1233 4579
2 8152 3795
2 3272 9986
2 5042 9295
2 7104 6677
2 3647 2141
2 384 7927
2 2070 2008
2 1734 9912
2 9658 9355
2 9249 9211
2 9180 9153
2 8672 8598
2 8552 8391
2 8329 8274
2 8099 8023
2 8017 7928
2 7909 7866
2 7794 7787
2 7760 7739
2 7649 7645
2 7599 7498
2 7300 7227
2 7180 6888
2 6807 6507
2 6379 6345
2 6072 5967
2 5748 5367
2 5353 5256
2 5012 4963
2 4620 4408
2 4274 4113
2 4035 3953
2 3909 3741
2 3675 3481
2 3478 3408
2 3033 2925
2 2474 2411
2 2251 2171
2 1826 1758
2 1489 1402
2 1315 1267
2 1189 1005
2 553 503
2 410 262
2 244 237
2 190 107
2 7135 6782
2 5101 4702
2 6495 5773
2 854 8058
2 4430 2115
2 1707 1214
2 1164 336
2 7540 7201
2 5046 4957
2 2080 8639
2 7409 5214
2 4917 4788
2 2922 2558
2 443 8063
2 7896 1341
2 7825 5653
2 3499 7961
2 7202 6702
2 976 49
2 9307 6381
2 4964 4886
2 1830 1146
2 9792 9544
2 9513 9493
2 9090 9066
2 9018 9005
2 8848 8844
2 8547 8377
2 8122 8083
2 7893 7442
2 7341 7287
2 7263 7038
2 6723 6679
2 6504 6014
2 5874 5750
2 5432 5369
2 5303 5217
2 5180 4988
2 4936 4873
2 4782 4698
2 4530 4515
2 4341 4288
2 4142 4115
2 4110 3975
2 3867 3731
2 3528 3392
2 3354 2930
2 2850 2739
2 2690 2513
2 2327 2316
2 2249 2174
2 2131 1977
2 1967 1956
2 1860 1366
2 1263 1155
2 1042 967
2 966 623
2 606 390
2 9568 7313
2 6176 4509
2 3463 818
2 4983 82
2 8612 6107
2 5295 3792
2 7757 7595
2 5772 3047
2 5982 4874
2 4135 3940
2 3607 3096
2 2727 5713
2 2274 2228
2 9305 8338
2 9926 9677
2 9244 9207
2 9026 8788
2 8292 7967
2 7831 7737
2 7380 7370
2 7046 6771
2 6488 6368
2 6106 6025
2 5852 5688
2 5670 5339
2 5193 5138
2 5111 4852
2 4850 4735
2 4700 4531
2 4436 4370
2 4306 4121
2 4070 3925
2 3848 3668
2 3560 3552
2 3501 3374
2 3283 3204
2 3077 3009
2 2902 2678
2 2521 2262
2 2076 1626
2 1544 1070
2 1057 832
2 581 6252
2 3896 2964
2 3566 3228
2 1353 636
2 8608 8485
2 7136 4322
2 3309 1210
2 7305 5310
2 887 7543
2 6168 4240
2 3293 1851
2 9433 8322
2 7516 6550
2 4925 4406
2 71 1988
2 9129 8745
2 6935 1203
2 9866 7551
2 4940 1671
2 9872 9867
2 9789 9563
2 9424 9352
2 9219 9160
2 9108 9039
2 8962 8899
2 8878 8657
2 8586 8351
2 8236 8078
2 7913 7891
2 7620 7539
2 7288 7164
2 6810 6706
2 6286 6044
2 5974 5956
2 5946 5914
2 5894 5842
2 5692 5242
2 5224 5196
2 5129 4844
2 4756 4674
2 4492 4353
2 4127 4037
2 4005 3995
2 3918 3856
2 3729 3666
2 3172 3159
2 3066 2976
2 2970 2630
2 2371 2275
2 2270 2084
2 2067 1794
2 1733 1459
2 1421 1386
2 1294 1103
2 1088 1083
2 1008 979
2 505 277
2 119 5625
2 1955 9795
2 7145 9527
2 4185 1812
2 7 8116
2 5383 4141
2 3437 7579
2 5219 4131
2 47 8465
2 7326 3114
2 2456 1450
2 1322 594
2 9552 8851
2 4167 7359
2 4637 4235
2 2259 9945
2 9781 9763
2 9728 9377
2 9174 9130
2 9054 8966
2 8942 8774
2 8719 8551
2 8526 8269
2 8181 8016
2 7979 7892
2 7681 7593
2 7591 7587
2 7568 7352
2 7295 7265
2 7254 7049
2 6979 6837
2 6836 6625
2 6610 6388
2 6249 6169
2 6135 6120
2 5580 5302
2 5289 5185
2 5091 5054
2 5053 4993
2 4816 4568
2 4540 4503
2 4433 4119
2 3971 3638
2 3634 3598
2 3458 3366
2 2857 2838
2 2794 2744
2 2704 2666
2 2468 2336
2 2225 2178
2 2021 2001
2 1633 1328
2 785 715
2 704 614
2 612 601
2 254 239
2 187 3142
2 3042 9
2 7231 1713
2 1094 766
2 5652 5006
2 4655 1742
2 9690 9539
2 7583 3686
2 1934 2686
2 532 5873
2 9525 7715
2 5494 4561
2 4074 2962
2 9263 8803
2 4657 3844
2 8553 3072
2 2481 727
2 7083 4847
2 1895 1050
2 723 9803
2 9729 9643
2 9621 9485
2 9437 9403
2 9392 9253
2 9199 9104
2 8995 8829
2 8792 8708
2 8688 8669
2 8399 8283
2 8107 8007
2 7918 7635
2 7517 7462
2 7207 6975
2 6801 6755
2 6687 6641
2 6599 6548
2 6487 6423
2 6262 6100
2 6099 6062
2 5866 5799
2 5781 5768
2 5765 5660
2 5655 5412
2 5358 4888
2 4429 4277
2 3948 3835
2 3820 3774
2 3683 3660
2 3640 3622
2 3565 3315
2 3260 3171
2 2972 2864
2 2796 2792
2 2724 2631
2 2605 2530
2 2479 2397
2 2244 2208
2 2003 1981
2 1968 1655
2 1531 1078
2 765 762
2 681 578
2 496 469
2 434 382
2 6957 6129
2 4475 4112
2 9917 9532
2 9235 8387
2 8250 7447
2 4102 3357
2 2759 7088
2 4374 2982
2 62 8736
2 7196 2736
2 2293 8332
2 3519 1946
2 3196 954
2 8375 7648
2 7308 7032
2 213 9946
2 9196 8010
2 4320 859
2 9063 6547
2 5163 2045
2 1591 6882
2 5777 4076
2 2726 1724
2 1418 9989
2 9982 9835
2 9826 9727
2 9596 9593
2 9501 9364
2 9349 8781
2 8566 8550
2 8371 8354
2 8130 8127
2 8124 8095
2 7576 7548
2 7143 6894
2 6501 6247
2 6191 6083
2 6045 5997
2 5802 5706
2 5420 5306
2 4901 4820
2 4608 4570
2 4548 4411
2 4270 4256
2 4138 3958
2 3943 3865
2 3532 3320
2 3234 2810
2 2763 2471
2 2443 2391
2 2194 2109
2 1974 1933
2 1905 1871
2 1698 1623
2 1163 838
2 810 808
2 775 619
2 561 504
2 455 363
2 295 250
2 141 66
2 1 9998
2 9923 9607
2 9388 9381
2 9353 9308
2 9287 9169
2 9125 9116
2 8914 8840
2 8825 8520
2 8514 8280
2 8192 8191
2 8096 8050
2 7941 7650
2 7589 7452
2 7448 7338
2 7133 7034
2 7021 6980
2 6722 6696
2 6475 6431
2 6418 6325
2 6159 6139
2 5629 5620
2 5590 5587
2 5477 5319
2 5186 5062
2 4601 4493
2 4241 3955
2 3831 3778
2 3766 3576
2 3550 3545
2 3461 3441
2 3406 3380
2 2991 2904
2 2853 2764
2 2643 2641
2 2588 2413
2 2369 2317
2 2111 2005
2 1719 1603
2 1500 1420
2 1398 1380
2 1360 1342
2 1251 1014
2 932 914
2 655 588
2 539 320
2 155 73
2 15 8767
2 8193 7725
2 6611 5904
2 4619 3337
2 2342 2060
2 9106 6178
2 3689 2652
2 1568 850
2 4402 2340
2 992 9119
2 5172 8644
2 3155 2544
2 9966 4995
2 4912 4638
2 4490 1433
2 9747 6558
2 3672 3170
2 2642 1621
2 3775 3648
2 2749 2085
2 586 9576
2 9344 8626
2 5729 3757
2 201 120
2 8601 7851
2 7494 7451
2 6913 6534
2 6038 5686
2 3781 3542
2 9762 9750
2 9671 9627
2 9385 9115
2 8450 8270
2 7999 7709
2 7605 7478
2 7373 7124
2 7080 6929
2 6907 6869
2 6790 6764
2 6566 6521
2 6440 6348
2 6338 6324
2 6219 6131
2 6059 6056
2 6029 5996
2 5867 5847
2 5753 5746
2 5723 5715
2 5608 5582
2 5415 4924
2 4345 4219
2 4154 4010
2 3735 3562
